before merge diskList
[[1, 8, 40, 78],
 [2, 27, 37, 64],
 [3, 9, 50, 68],
 [4, 47, 51, 66],
 [5, 12, 39, 70],
 [6, 10, 21, 56],
 [11, 20, 24, 85],
 [13, 49, 89, 96],
 [14, 69, 81, 93],
 [15, 25, 54, 60],
 [16, 23, 73, 79],
 [18, 53, 83, 95],
 [19, 31, 63, 88],
 [22, 33, 59, 67],
 [29, 43, 84, 87],
 [30, 42, 45, 65],
 [38, 44, 58, 75],
 [52, 72, 77, 94],
 [55, 62, 86, 92],
 [57, 61, 71, 91]]

[[1, 4, 8, 11],
 [20, 24, 40, 47],
 [51, 66, 5, 12],
 [39, 70, 6, 10],
 [21, 56, 78, 2],
 [27, 37, 64, 3],
 [9, 50, 68, 85],
 [15, 19, 25, 30],
 [31, 42, 45, 54],
 [60, 16, 23, 63],
 [65, 38, 44, 58],
 [73, 75, 52, 72],
 [77, 79, 18, 53],
 [83, 88, 22, 33],
 [59, 67, 29, 43],
 [84, 87, 94, 95],
 [55, 62, 86, 92]]

[[2, 6, 10, 29],
[38, 54, 55, 60],
[63, 3, 58, 65], 
[72, 11, 15, 80], 
    [83, 4, 27, 82], 
    [90, 7, 45, 76], 
    [85, 9, 34, 56], 
    [77, 92, 96, 12], 
    [51, 74, 84, 98], 
    [13, 17, 20, 26], 
    [32, 39, 42, 47], [
        57, 14, 53, 59], 
        [18, 22, 44, 62], 
        [67, 16, 50, 70], 
        [73, 79, 19, 36], 
        [43, 87, 21, 28], [
            46, 78, 31, 71]]

